[gd_scene load_steps=31 format=3 uid="uid://bu265qr4qyl8r"]

[ext_resource type="Script" path="res://level/main_level.gd" id="1_0kgm6"]
[ext_resource type="PackedScene" uid="uid://bgm8cbwopc0md" path="res://entities/player/player.tscn" id="1_kc60k"]
[ext_resource type="PackedScene" uid="uid://c3kfv0kmup3ut" path="res://level/floor_puzzle/unstable_floor.tscn" id="2_8fdva"]
[ext_resource type="PackedScene" uid="uid://dk6y18dtwimxd" path="res://entities/props/torch.tscn" id="4_ddr6v"]
[ext_resource type="PackedScene" uid="uid://do5rplgtedn5n" path="res://entities/keys/key_box.tscn" id="5_a8yp8"]
[ext_resource type="PackedScene" uid="uid://drp63g7v6mxae" path="res://level/level_base.tscn" id="6_8bbsc"]
[ext_resource type="PackedScene" uid="uid://jnms0bwlocvs" path="res://entities/keys/key.tscn" id="7_m1tbb"]
[ext_resource type="PackedScene" uid="uid://ut2c4y7y0pvp" path="res://entities/gates/small_gate.tscn" id="8_12jnd"]
[ext_resource type="Script" path="res://level/pressure_plate.gd" id="9_wjrcd"]
[ext_resource type="PackedScene" uid="uid://i5xt75ltcdf3" path="res://entities/intractable.tscn" id="10_jvrbw"]
[ext_resource type="PackedScene" uid="uid://bt2r23tynk8s3" path="res://entities/props/table.tscn" id="11_bvfpe"]
[ext_resource type="PackedScene" uid="uid://djxqho1x43eeu" path="res://entities/props/beaker.tscn" id="12_1ef8p"]
[ext_resource type="PackedScene" uid="uid://cr8vnxx15fgpx" path="res://entities/props/padlock.tscn" id="13_jp3mc"]

[sub_resource type="ProceduralSkyMaterial" id="ProceduralSkyMaterial_8mdpy"]
sky_top_color = Color(0.568627, 0.698039, 0.807843, 1)
sky_horizon_color = Color(0.672549, 0.704902, 0.734314, 1)
ground_bottom_color = Color(0.121569, 0.121569, 0.129412, 1)
ground_horizon_color = Color(0.672549, 0.704902, 0.734314, 1)

[sub_resource type="Sky" id="Sky_hqgbp"]
sky_material = SubResource( "ProceduralSkyMaterial_8mdpy" )

[sub_resource type="Environment" id="Environment_q6ge7"]
background_mode = 2
sky = SubResource( "Sky_hqgbp" )
tonemap_mode = 2
auto_exposure_enabled = true
ssao_enabled = true
sdfgi_use_occlusion = true
glow_enabled = true
volumetric_fog_enabled = true

[sub_resource type="CameraEffects" id="CameraEffects_puimg"]
override_exposure = 0.0

[sub_resource type="BoxShape3D" id="BoxShape3D_sb8px"]
size = Vector3(40, 2, 40)

[sub_resource type="BoxMesh" id="BoxMesh_376v7"]
size = Vector3(2, 0.5, 2)

[sub_resource type="StandardMaterial3D" id="StandardMaterial3D_4q5da"]
albedo_color = Color(0.443137, 0.666667, 0.203922, 1)

[sub_resource type="BoxShape3D" id="BoxShape3D_pysqc"]
size = Vector3(2, 0.5, 2)

[sub_resource type="BoxShape3D" id="BoxShape3D_80068"]
size = Vector3(2, 4, 2)

[sub_resource type="BoxMesh" id="BoxMesh_bmriv"]
size = Vector3(15, 1, 30)

[sub_resource type="StandardMaterial3D" id="StandardMaterial3D_nin6e"]
albedo_color = Color(0, 0, 0, 1)

[sub_resource type="ConcavePolygonShape3D" id="ConcavePolygonShape3D_0k4vj"]
data = PackedVector3Array(-7.5, 0.5, 15, 7.5, 0.5, 15, -7.5, -0.5, 15, 7.5, 0.5, 15, 7.5, -0.5, 15, -7.5, -0.5, 15, 7.5, 0.5, -15, -7.5, 0.5, -15, 7.5, -0.5, -15, -7.5, 0.5, -15, -7.5, -0.5, -15, 7.5, -0.5, -15, 7.5, 0.5, 15, 7.5, 0.5, -15, 7.5, -0.5, 15, 7.5, 0.5, -15, 7.5, -0.5, -15, 7.5, -0.5, 15, -7.5, 0.5, -15, -7.5, 0.5, 15, -7.5, -0.5, -15, -7.5, 0.5, 15, -7.5, -0.5, 15, -7.5, -0.5, -15, 7.5, 0.5, 15, -7.5, 0.5, 15, 7.5, 0.5, -15, -7.5, 0.5, 15, -7.5, 0.5, -15, 7.5, 0.5, -15, -7.5, -0.5, 15, 7.5, -0.5, 15, -7.5, -0.5, -15, 7.5, -0.5, 15, 7.5, -0.5, -15, -7.5, -0.5, -15)

[sub_resource type="StandardMaterial3D" id="StandardMaterial3D_fd2l5"]
albedo_color = Color(0, 0, 0, 1)

[sub_resource type="StandardMaterial3D" id="StandardMaterial3D_btiae"]
albedo_color = Color(0, 0, 0, 1)

[sub_resource type="StandardMaterial3D" id="StandardMaterial3D_qrlfc"]
albedo_color = Color(0, 0, 0, 1)

[sub_resource type="StandardMaterial3D" id="StandardMaterial3D_dl4pa"]
albedo_color = Color(0, 0, 0, 1)

[sub_resource type="BoxShape3D" id="BoxShape3D_okdxs"]
size = Vector3(20, 20, 0.2)

[node name="main_level" type="Node3D"]
script = ExtResource( "1_0kgm6" )

[node name="WorldEnvironment" type="WorldEnvironment" parent="."]
environment = SubResource( "Environment_q6ge7" )
camera_effects = SubResource( "CameraEffects_puimg" )
script = null

[node name="DirectionalLight3D" type="DirectionalLight3D" parent="."]
transform = Transform3D(-0.866025, -0.433013, 0.25, 0.0486438, 0.424662, 0.904044, -0.497628, 0.795086, -0.346705, -387.897, 3.17595, 0)
light_color = Color(0, 0, 0, 1)
shadow_enabled = true
editor_only = true
script = null

[node name="level_base" parent="." instance=ExtResource( "6_8bbsc" )]
transform = Transform3D(1, 0, 0, 0, 1, 0, 0, 0, 1, 25.1395, 0, 0)

[node name="player" parent="." instance=ExtResource( "1_kc60k" )]
transform = Transform3D(1, 0, 0, 0, 1, 0, 0, 0, 1, 25.0991, 2.19783, 0)

[node name="floor_trap" type="Node3D" parent="."]
script = null

[node name="unstable_floor" parent="floor_trap" instance=ExtResource( "2_8fdva" )]
transform = Transform3D(-4.37114e-08, 0, 1, 0, 1, 0, -1, 0, -4.37114e-08, 1.89881, -0.958716, 24.3982)
type = 4
unstable = true

[node name="unstable_floor2" parent="floor_trap" instance=ExtResource( "2_8fdva" )]
transform = Transform3D(-4.37114e-08, 0, 1, 0, 1, 0, -1, 0, -4.37114e-08, 5.91664, -0.958716, 24.3982)
type = 0
unstable = true

[node name="unstable_floor3" parent="floor_trap" instance=ExtResource( "2_8fdva" )]
transform = Transform3D(-4.37114e-08, 0, 1, 0, 1, 0, -1, 0, -4.37114e-08, 9.975, -0.958716, 24.3982)
type = 0
unstable = true

[node name="unstable_floor4" parent="floor_trap" instance=ExtResource( "2_8fdva" )]
transform = Transform3D(-4.37114e-08, 0, 1, 0, 1, 0, -1, 0, -4.37114e-08, -2.16393, -0.958716, 24.3982)
type = 1

[node name="unstable_floor5" parent="floor_trap" instance=ExtResource( "2_8fdva" )]
transform = Transform3D(-4.37114e-08, 0, 1, 0, 1, 0, -1, 0, -4.37114e-08, -6.18892, -0.958716, 24.3982)
type = 0
unstable = true

[node name="unstable_floor6" parent="floor_trap" instance=ExtResource( "2_8fdva" )]
transform = Transform3D(-4.37114e-08, 0, 1, 0, 1, 0, -1, 0, -4.37114e-08, -10.2007, -0.958716, 24.3982)
type = 0
unstable = true

[node name="unstable_floor7" parent="floor_trap" instance=ExtResource( "2_8fdva" )]
transform = Transform3D(-4.37114e-08, 0, 1, 0, 1, 0, -1, 0, -4.37114e-08, 1.89881, -0.958716, 28.4668)
type = 0
unstable = true

[node name="unstable_floor8" parent="floor_trap" instance=ExtResource( "2_8fdva" )]
transform = Transform3D(-4.37114e-08, 0, 1, 0, 1, 0, -1, 0, -4.37114e-08, 5.91664, -0.958716, 28.4668)
type = 0
unstable = true

[node name="unstable_floor9" parent="floor_trap" instance=ExtResource( "2_8fdva" )]
transform = Transform3D(-4.37114e-08, 0, 1, 0, 1, 0, -1, 0, -4.37114e-08, 9.975, -0.958716, 28.4668)
type = 0
unstable = true

[node name="unstable_floor10" parent="floor_trap" instance=ExtResource( "2_8fdva" )]
transform = Transform3D(-4.37114e-08, 0, 1, 0, 1, 0, -1, 0, -4.37114e-08, -2.16393, -0.958716, 28.4668)
type = 2

[node name="unstable_floor11" parent="floor_trap" instance=ExtResource( "2_8fdva" )]
transform = Transform3D(-4.37114e-08, 0, 1, 0, 1, 0, -1, 0, -4.37114e-08, -6.18892, -0.958716, 28.4668)
type = 3

[node name="unstable_floor12" parent="floor_trap" instance=ExtResource( "2_8fdva" )]
transform = Transform3D(-4.37114e-08, 0, 1, 0, 1, 0, -1, 0, -4.37114e-08, -10.2007, -0.958716, 28.4668)
type = 2

[node name="unstable_floor13" parent="floor_trap" instance=ExtResource( "2_8fdva" )]
transform = Transform3D(-4.37114e-08, 0, 1, 0, 1, 0, -1, 0, -4.37114e-08, 1.89881, -0.958716, 32.5531)
type = 0
unstable = true

[node name="unstable_floor14" parent="floor_trap" instance=ExtResource( "2_8fdva" )]
transform = Transform3D(-4.37114e-08, 0, 1, 0, 1, 0, -1, 0, -4.37114e-08, 5.91664, -0.958716, 32.5531)
type = 0
unstable = true

[node name="unstable_floor15" parent="floor_trap" instance=ExtResource( "2_8fdva" )]
transform = Transform3D(-4.37114e-08, 0, 1, 0, 1, 0, -1, 0, -4.37114e-08, 9.975, -0.958716, 32.5531)
type = 0
unstable = true

[node name="unstable_floor16" parent="floor_trap" instance=ExtResource( "2_8fdva" )]
transform = Transform3D(-4.37114e-08, 0, 1, 0, 1, 0, -1, 0, -4.37114e-08, -2.16393, -0.958716, 32.5531)
type = 0
unstable = true

[node name="unstable_floor17" parent="floor_trap" instance=ExtResource( "2_8fdva" )]
transform = Transform3D(-4.37114e-08, 0, 1, 0, 1, 0, -1, 0, -4.37114e-08, -6.18892, -0.958716, 32.5531)
type = 0
unstable = true

[node name="unstable_floor18" parent="floor_trap" instance=ExtResource( "2_8fdva" )]
transform = Transform3D(-4.37114e-08, 0, 1, 0, 1, 0, -1, 0, -4.37114e-08, -10.2007, -0.958716, 32.5531)
type = 3

[node name="unstable_floor19" parent="floor_trap" instance=ExtResource( "2_8fdva" )]
transform = Transform3D(-4.37114e-08, 0, 1, 0, 1, 0, -1, 0, -4.37114e-08, 1.89881, -0.958716, 36.6216)
type = 1

[node name="unstable_floor20" parent="floor_trap" instance=ExtResource( "2_8fdva" )]
transform = Transform3D(-4.37114e-08, 0, 1, 0, 1, 0, -1, 0, -4.37114e-08, 5.91664, -0.958716, 36.6216)
type = 0
unstable = true

[node name="unstable_floor21" parent="floor_trap" instance=ExtResource( "2_8fdva" )]
transform = Transform3D(-4.37114e-08, 0, 1, 0, 1, 0, -1, 0, -4.37114e-08, 9.975, -0.958716, 36.6216)
type = 0
unstable = true

[node name="unstable_floor22" parent="floor_trap" instance=ExtResource( "2_8fdva" )]
transform = Transform3D(-4.37114e-08, 0, 1, 0, 1, 0, -1, 0, -4.37114e-08, -2.16393, -0.958716, 36.6216)
type = 1

[node name="unstable_floor23" parent="floor_trap" instance=ExtResource( "2_8fdva" )]
transform = Transform3D(-4.37114e-08, 0, 1, 0, 1, 0, -1, 0, -4.37114e-08, -6.18892, -0.958716, 36.6216)
type = 2

[node name="unstable_floor24" parent="floor_trap" instance=ExtResource( "2_8fdva" )]
transform = Transform3D(-4.37114e-08, 0, 1, 0, 1, 0, -1, 0, -4.37114e-08, -10.2007, -0.958716, 36.6216)
type = 1

[node name="unstable_floor25" parent="floor_trap" instance=ExtResource( "2_8fdva" )]
transform = Transform3D(-4.37114e-08, 0, 1, 0, 1, 0, -1, 0, -4.37114e-08, 1.89881, -0.958716, 40.5198)
type = 1

[node name="unstable_floor26" parent="floor_trap" instance=ExtResource( "2_8fdva" )]
transform = Transform3D(-4.37114e-08, 0, 1, 0, 1, 0, -1, 0, -4.37114e-08, 5.91664, -0.958716, 40.5198)
type = 3

[node name="unstable_floor27" parent="floor_trap" instance=ExtResource( "2_8fdva" )]
transform = Transform3D(-4.37114e-08, 0, 1, 0, 1, 0, -1, 0, -4.37114e-08, 9.975, -0.958716, 40.5198)
type = 0
unstable = true

[node name="unstable_floor28" parent="floor_trap" instance=ExtResource( "2_8fdva" )]
transform = Transform3D(-4.37114e-08, 0, 1, 0, 1, 0, -1, 0, -4.37114e-08, -2.16393, -0.958716, 40.5198)
type = 0
unstable = true

[node name="unstable_floor29" parent="floor_trap" instance=ExtResource( "2_8fdva" )]
transform = Transform3D(-4.37114e-08, 0, 1, 0, 1, 0, -1, 0, -4.37114e-08, -6.18892, -0.958716, 40.5198)
type = 0
unstable = true

[node name="unstable_floor30" parent="floor_trap" instance=ExtResource( "2_8fdva" )]
transform = Transform3D(-4.37114e-08, 0, 1, 0, 1, 0, -1, 0, -4.37114e-08, -10.2007, -0.958716, 40.5198)
type = 0
unstable = true

[node name="unstable_floor31" parent="floor_trap" instance=ExtResource( "2_8fdva" )]
transform = Transform3D(-4.37114e-08, 0, 1, 0, 1, 0, -1, 0, -4.37114e-08, 1.89881, -0.958716, 44.5884)
type = 0
unstable = true

[node name="unstable_floor32" parent="floor_trap" instance=ExtResource( "2_8fdva" )]
transform = Transform3D(-4.37114e-08, 0, 1, 0, 1, 0, -1, 0, -4.37114e-08, 5.91664, -0.958716, 44.5884)
type = 1

[node name="unstable_floor33" parent="floor_trap" instance=ExtResource( "2_8fdva" )]
transform = Transform3D(-4.37114e-08, 0, 1, 0, 1, 0, -1, 0, -4.37114e-08, 9.975, -0.958716, 44.5884)
type = 0
unstable = true

[node name="unstable_floor34" parent="floor_trap" instance=ExtResource( "2_8fdva" )]
transform = Transform3D(-4.37114e-08, 0, 1, 0, 1, 0, -1, 0, -4.37114e-08, -2.16393, -0.958716, 44.5884)
type = 0
unstable = true

[node name="unstable_floor35" parent="floor_trap" instance=ExtResource( "2_8fdva" )]
transform = Transform3D(-4.37114e-08, 0, 1, 0, 1, 0, -1, 0, -4.37114e-08, -6.18892, -0.958716, 44.5884)
type = 0
unstable = true

[node name="unstable_floor36" parent="floor_trap" instance=ExtResource( "2_8fdva" )]
transform = Transform3D(-4.37114e-08, 0, 1, 0, 1, 0, -1, 0, -4.37114e-08, -10.2007, -0.958716, 44.5884)
type = 0
unstable = true

[node name="lights" type="Node3D" parent="."]
script = null

[node name="torch" parent="lights" instance=ExtResource( "4_ddr6v" )]
transform = Transform3D(0.322282, 0, -0.946644, 0, 1, 0, 0.946644, 0, 0.322282, 11.2072, 4.00477, 4.06579)

[node name="torch36" parent="lights" instance=ExtResource( "4_ddr6v" )]
transform = Transform3D(-0.178582, 0.207695, -0.961754, 0.0243076, 0.9781, 0.206711, 0.983625, 0.013537, -0.17972, 5.68827, 4.00477, -7.40506)

[node name="torch21" parent="lights" instance=ExtResource( "4_ddr6v" )]
transform = Transform3D(-0.847632, 0, -0.530585, 0, 1, 0, 0.530585, 0, -0.847632, 6.27185, 4.05139, 7.00971)

[node name="torch22" parent="lights" instance=ExtResource( "4_ddr6v" )]
transform = Transform3D(-0.132568, 0, -0.991174, 0, 1, 0, 0.991174, 0, -0.132568, -1.43573, 4.05139, 11.3119)

[node name="torch2" parent="lights" instance=ExtResource( "4_ddr6v" )]
transform = Transform3D(-0.230508, 0, -0.97307, 0, 1, 0, 0.97307, 0, -0.230508, 10.9459, 4.0137, -3.37201)

[node name="torch13" parent="lights" instance=ExtResource( "4_ddr6v" )]
transform = Transform3D(-0.78226, 0, -0.622952, 0, 1, 0, 0.622952, 0, -0.78226, 16.352, 4.15973, -11.5401)

[node name="torch14" parent="lights" instance=ExtResource( "4_ddr6v" )]
transform = Transform3D(-0.727306, 0, 0.686313, 0, 1, 0, -0.686313, 0, -0.727306, 33.5151, 4.2476, -11.9631)

[node name="torch23" parent="lights" instance=ExtResource( "4_ddr6v" )]
transform = Transform3D(0.711327, 0, 0.702861, 0, 1, 0, -0.702861, 0, 0.711327, 43.8286, 4.2476, -8.9231)

[node name="torch24" parent="lights" instance=ExtResource( "4_ddr6v" )]
transform = Transform3D(-0.844655, 0, -0.535311, 0, 1, 0, 0.535311, 0, -0.844655, 52.999, 4.2476, -10.9969)

[node name="torch29" parent="lights" instance=ExtResource( "4_ddr6v" )]
transform = Transform3D(0.655822, 0, -0.754915, 0, 1, 0, 0.754915, 0, 0.655822, 47.6241, 4.2476, -6.15656)

[node name="torch30" parent="lights" instance=ExtResource( "4_ddr6v" )]
transform = Transform3D(0.851965, 0, -0.523599, 0, 1, 0, 0.523599, 0, 0.851965, 42.2082, 4.2476, 12.5333)

[node name="torch31" parent="lights" instance=ExtResource( "4_ddr6v" )]
transform = Transform3D(0.837909, 0, -0.545809, 0, 1, 0, 0.545809, 0, 0.837909, 40.9422, 4.2476, 29.4046)

[node name="torch32" parent="lights" instance=ExtResource( "4_ddr6v" )]
transform = Transform3D(0.837909, 0, -0.545809, 0, 1, 0, 0.545809, 0, 0.837909, 49.4494, 4.2476, 34.2937)

[node name="torch33" parent="lights" instance=ExtResource( "4_ddr6v" )]
transform = Transform3D(-0.818059, 0, 0.575133, 0, 1, 0, -0.575133, 0, -0.818059, 57.2104, 4.23826, 25.5013)

[node name="torch35" parent="lights" instance=ExtResource( "4_ddr6v" )]
transform = Transform3D(0.400348, 0, 0.916363, 0, 1, 0, -0.916363, 0, 0.400348, 55.8424, 4.04034, 31.4326)

[node name="torch34" parent="lights" instance=ExtResource( "4_ddr6v" )]
transform = Transform3D(-0.818059, 0, 0.575133, 0, 1, 0, -0.575133, 0, -0.818059, 48.8817, 4.23826, 20.6509)

[node name="torch25" parent="lights" instance=ExtResource( "4_ddr6v" )]
transform = Transform3D(-0.919128, 0, -0.393959, 0, 1, 0, 0.393959, 0, -0.919128, 60.9011, 4.2476, -16.2389)

[node name="torch26" parent="lights" instance=ExtResource( "4_ddr6v" )]
transform = Transform3D(0.868432, 0, 0.495808, 0, 1, 0, -0.495808, 0, 0.868432, 67.2297, 4.2476, -6.70197)

[node name="torch28" parent="lights" instance=ExtResource( "4_ddr6v" )]
transform = Transform3D(-0.612314, 0, 0.790614, 0, 1, 0, -0.790614, 0, -0.612314, 67.0424, 4.2476, -13.858)

[node name="torch27" parent="lights" instance=ExtResource( "4_ddr6v" )]
transform = Transform3D(0.868432, 0, 0.495808, 0, 1, 0, -0.495808, 0, 0.868432, 58.2579, 4.2476, -0.46711)

[node name="torch15" parent="lights" instance=ExtResource( "4_ddr6v" )]
transform = Transform3D(-0.357032, 0, 0.934092, 0, 1, 0, -0.934092, 0, -0.357032, 39.0925, 3.51657, -3.45216)

[node name="torch16" parent="lights" instance=ExtResource( "4_ddr6v" )]
transform = Transform3D(0.137168, 0, 0.990548, 0, 1, 0, -0.990548, 0, 0.137168, 39.3338, 3.51657, 2.1527)

[node name="torch17" parent="lights" instance=ExtResource( "4_ddr6v" )]
transform = Transform3D(0.554844, 0, 0.831954, 0, 1, 0, -0.831954, 0, 0.554844, 34.698, 3.50561, 10.5704)

[node name="torch18" parent="lights" instance=ExtResource( "4_ddr6v" )]
transform = Transform3D(0.927771, 0, 0.37315, 0, 1, 0, -0.37315, 0, 0.927771, 32.2181, 3.50561, 12.5608)

[node name="torch19" parent="lights" instance=ExtResource( "4_ddr6v" )]
transform = Transform3D(0.825862, 0, -0.563872, 0, 1, 0, 0.563872, 0, 0.825862, 18.9062, 3.92548, 12.6532)

[node name="torch20" parent="lights" instance=ExtResource( "4_ddr6v" )]
transform = Transform3D(0.605127, 0, -0.796129, 0, 1, 0, 0.796129, 0, 0.605127, 15.8685, 3.92548, 10.288)

[node name="torch3" parent="lights" instance=ExtResource( "4_ddr6v" )]
transform = Transform3D(0.0522314, 0, -0.998635, 0, 1, 0, 0.998635, 0, 0.0522314, -12.0746, 6.3777, 44.5886)

[node name="torch10" parent="lights" instance=ExtResource( "4_ddr6v" )]
transform = Transform3D(0.0522314, 0, -0.998635, 0, 1, 0, 0.998635, 0, 0.0522314, -12.0746, 6.3777, 57.2741)

[node name="torch11" parent="lights" instance=ExtResource( "4_ddr6v" )]
transform = Transform3D(0.00523597, 0, 0.999986, 0, 1, 0, -0.999986, 0, 0.00523597, 11.8306, 6.3777, 57.2741)

[node name="torch12" parent="lights" instance=ExtResource( "4_ddr6v" )]
transform = Transform3D(0.999411, 0, -0.0343065, 0, 1, 0, 0.0343065, 0, 0.999411, 0.0443497, 6.3777, 60.3154)

[node name="torch4" parent="lights" instance=ExtResource( "4_ddr6v" )]
transform = Transform3D(0.0522314, 0, -0.998635, 0, 1, 0, 0.998635, 0, 0.0522314, -12.0746, 6.3777, 36.7632)

[node name="torch5" parent="lights" instance=ExtResource( "4_ddr6v" )]
transform = Transform3D(0.0522314, 0, -0.998635, 0, 1, 0, 0.998635, 0, 0.0522314, -12.0746, 6.3777, 25.7112)

[node name="torch6" parent="lights" instance=ExtResource( "4_ddr6v" )]
transform = Transform3D(-4.37114e-08, 0, 1, 0, 1, 0, -1, 0, -4.37114e-08, 11.8191, 6.3777, 44.5886)

[node name="torch7" parent="lights" instance=ExtResource( "4_ddr6v" )]
transform = Transform3D(-4.37114e-08, 0, 1, 0, 1, 0, -1, 0, -4.37114e-08, 11.8191, 6.3777, 36.7632)

[node name="torch8" parent="lights" instance=ExtResource( "4_ddr6v" )]
transform = Transform3D(-4.37114e-08, 0, 1, 0, 1, 0, -1, 0, -4.37114e-08, 11.8191, 6.3777, 25.7112)

[node name="torch9" parent="lights" instance=ExtResource( "4_ddr6v" )]
transform = Transform3D(-0.994005, 0, -0.109335, 0, 1, 0, 0.109335, 0, -0.994005, 2.47631, 5.97605, 17.5812)

[node name="blue_key_box" parent="." instance=ExtResource( "5_a8yp8" )]
transform = Transform3D(-1, 0, 8.74228e-08, 0, 1, 0, -8.74228e-08, 0, -1, 0, 0.419554, 59.1185)
key_colour = 1

[node name="purple_key_box" parent="." instance=ExtResource( "5_a8yp8" )]
transform = Transform3D(0.513691, 0, 0.857975, 0, 1, 0, -0.857975, 0, 0.513691, 8.8418, 0.408172, -8.99496)
key_colour = 2

[node name="yellow_key_box" parent="." instance=ExtResource( "5_a8yp8" )]
transform = Transform3D(-0.301272, 0, -0.953538, 0, 1, 0, 0.953538, 0, -0.301272, 66.9276, 0.266512, -9.6686)
key_colour = 3

[node name="red_key_box" parent="." instance=ExtResource( "5_a8yp8" )]
transform = Transform3D(-0.534323, 0, -0.84528, 0, 1, 0, 0.84528, 0, -0.534323, 55.2736, 1.56528, 30.7207)
visible = false
key_colour = 4

[node name="player_death_boxes" type="Node3D" parent="."]
script = null

[node name="Area3D" type="Area3D" parent="player_death_boxes"]
transform = Transform3D(1, 0, 0, 0, 1, 0, 0, 0, 1, 0, -7.42906, 37.4438)
script = null

[node name="CollisionShape3D" type="CollisionShape3D" parent="player_death_boxes/Area3D"]
transform = Transform3D(1, 0, 0, 0, 1, 0, 0, 0, 1, -2.89582, 0, 0)
shape = SubResource( "BoxShape3D_sb8px" )
script = null

[node name="blue_key" parent="." groups=["level_1_key"] instance=ExtResource( "7_m1tbb" )]
transform = Transform3D(0.0121117, 0.00864115, 0.999889, 0.0140962, 0.999862, -0.00881166, -0.999827, 0.0142014, 0.0119882, 0.356962, 0.609049, 58.9284)
key_colour = 1

[node name="purple_key" parent="." groups=["level_4_key"] instance=ExtResource( "7_m1tbb" )]
transform = Transform3D(0.851605, -0.0166233, -0.523919, 0.0140962, 0.999862, -0.00881166, 0.523994, 0.00011876, 0.851722, 8.82152, 0.597667, -8.59109)
key_colour = 2

[node name="yellow_key" parent="." groups=["level_2_key"] instance=ExtResource( "7_m1tbb" )]
transform = Transform3D(-0.949724, 0.0161449, 0.312669, 0.0140962, 0.999862, -0.00881166, -0.312769, -0.00396119, -0.949821, 66.8539, 0.456007, -10.0662)
key_colour = 3

[node name="red_key" parent="." groups=["level_3_key"] instance=ExtResource( "7_m1tbb" )]
transform = Transform3D(-0.838662, 0.0166213, 0.544396, 0.0140962, 0.999862, -0.00881166, -0.544469, 0.000283935, -0.838781, 55.3037, 1.75478, 30.3175)
visible = false
key_colour = 4

[node name="level_2_gate" parent="." instance=ExtResource( "8_12jnd" )]
transform = Transform3D(-0.473489, 0, -0.8808, 0, 1, 0, 0.8808, 0, -0.473489, 11.3354, 4.86765, -5.67525)

[node name="level_3_gate" parent="." instance=ExtResource( "8_12jnd" )]
transform = Transform3D(-0.552854, 0, 0.833278, 0, 1, 0, -0.833278, 0, -0.552854, 36.0507, 4.86765, -9.80344)

[node name="level_4_gate" parent="." instance=ExtResource( "8_12jnd" )]
transform = Transform3D(0.487783, 0, 0.872965, 0, 1, 0, -0.872965, 0, 0.487783, 39.4689, 4.86765, 3.85653)

[node name="level_5_gate" parent="." instance=ExtResource( "8_12jnd" )]
transform = Transform3D(-0.999893, 0, -0.0146253, 0, 1, 0, 0.0146253, 0, -0.999893, 20.5251, 4.86765, -13.8381)

[node name="level_5_gate2" parent="." instance=ExtResource( "8_12jnd" )]
transform = Transform3D(-0.999893, 0, -0.0146253, 0, 1, 0, 0.0146253, 0, -0.999893, 25.5045, 4.86765, -13.8381)

[node name="level_3" type="Node3D" parent="."]
script = null

[node name="pressure_plate" type="MeshInstance3D" parent="level_3"]
transform = Transform3D(1, 0, 0, 0, 1, 0, 0, 0, 1, 63.4898, -0.111163, -15.1697)
mesh = SubResource( "BoxMesh_376v7" )
surface_material_override/0 = SubResource( "StandardMaterial3D_4q5da" )
script = ExtResource( "9_wjrcd" )

[node name="StaticBody3D" type="StaticBody3D" parent="level_3/pressure_plate"]
script = null

[node name="CollisionShape3D" type="CollisionShape3D" parent="level_3/pressure_plate/StaticBody3D"]
shape = SubResource( "BoxShape3D_pysqc" )
script = null

[node name="Area3D" type="Area3D" parent="level_3/pressure_plate"]
script = null

[node name="CollisionShape3D" type="CollisionShape3D" parent="level_3/pressure_plate/Area3D"]
transform = Transform3D(1, 0, 0, 0, 1, 0, 0, 0, 1, 0, 2.12169, 0)
shape = SubResource( "BoxShape3D_80068" )
script = null

[node name="intractable" parent="." groups=["level_2"] instance=ExtResource( "10_jvrbw" )]
transform = Transform3D(1, 0, 0, 0, 1, 0, 0, 0, 1, 57.8507, 2.61582, -9.91051)
shape = 4

[node name="intractable2" parent="." groups=["level_2"] instance=ExtResource( "10_jvrbw" )]
transform = Transform3D(1, 0, 0, 0, 1, 0, 0, 0, 1, 59.3001, 1.50914, -8.45659)
shape = 1

[node name="intractable3" parent="." groups=["level_2"] instance=ExtResource( "10_jvrbw" )]
transform = Transform3D(1, 0, 0, 0, 1, 0, 0, 0, 1, 63.5041, 1.50914, -8.45659)
shape = 2

[node name="intractable4" parent="." groups=["level_2"] instance=ExtResource( "10_jvrbw" )]
transform = Transform3D(1, 0, 0, 0, 1, 0, 0, 0, 1, 63.5041, 1.50914, -6.01954)
shape = 3

[node name="intractable5" parent="." groups=["level_2"] instance=ExtResource( "10_jvrbw" )]
transform = Transform3D(1, 0, 0, 0, 1, 0, 0, 0, 1, 60.1774, 1.50914, -5.24177)
shape = 5

[node name="level_4" type="Node3D" parent="."]
script = null

[node name="table" parent="level_4" instance=ExtResource( "11_bvfpe" )]
transform = Transform3D(0.529416, 0, 0.848362, 0, 1, 0, -0.848362, 0, 0.529416, 55.1965, 0.378348, 30.6193)

[node name="table2" parent="level_4" instance=ExtResource( "11_bvfpe" )]
transform = Transform3D(0.879582, 0, -0.475747, 0, 1, 0, 0.475747, 0, 0.879582, 47.5953, 0.378348, 32.0151)

[node name="table3" parent="level_4" instance=ExtResource( "11_bvfpe" )]
transform = Transform3D(0.879582, 0, -0.475747, 0, 1, 0, 0.475747, 0, 0.879582, 42.0393, 0.378348, 28.9307)

[node name="table4" parent="level_4" instance=ExtResource( "11_bvfpe" )]
transform = Transform3D(0.879582, 0, -0.475747, 0, 1, 0, 0.475747, 0, 0.879582, 48.2618, 0.378348, 21.3879)

[node name="table5" parent="level_4" instance=ExtResource( "11_bvfpe" )]
transform = Transform3D(0.879582, 0, -0.475747, 0, 1, 0, 0.475747, 0, 0.879582, 53.8874, 0.378348, 24.7163)

[node name="beakers" type="Node3D" parent="level_4"]
transform = Transform3D(0.879582, 0, -0.475747, 0, 1, 0, 0.475747, 0, 0.879582, 53.8874, 0.378348, 24.7163)
script = null

[node name="beaker" parent="level_4/beakers" instance=ExtResource( "12_1ef8p" )]
transform = Transform3D(0.879582, 0, 0.475747, 0, 1, 0, -0.475747, 0, 0.879582, -7.35962, 1.58518, -0.203644)
colour = 3

[node name="beaker2" parent="level_4/beakers" instance=ExtResource( "12_1ef8p" )]
transform = Transform3D(0.879582, 0, 0.475747, 0, 1, 0, -0.475747, 0, 0.879582, -0.0451965, 1.58518, 0.220293)
colour = 1

[node name="beaker3" parent="level_4/beakers" instance=ExtResource( "12_1ef8p" )]
transform = Transform3D(0.879582, 0, 0.475747, 0, 1, 0, -0.475747, 0, 0.879582, 4.22917, 1.58518, 4.26612)

[node name="beaker4" parent="level_4/beakers" instance=ExtResource( "12_1ef8p" )]
transform = Transform3D(0.879582, 0, 0.475747, 0, 1, 0, -0.475747, 0, 0.879582, -2.46833, 1.58518, 9.18828)
colour = 2

[node name="beaker5" parent="level_4/beakers" instance=ExtResource( "12_1ef8p" )]
transform = Transform3D(0.879582, 0, 0.475747, 0, 1, 0, -0.475747, 0, 0.879582, -8.10696, 1.58518, 9.24721)
colour = 4

[node name="padlocks" type="Node3D" parent="."]
transform = Transform3D(1, 0, 0, 0, 1, 0, 0, 0, 1, 25.0332, 5.21048, -8.04015)
script = null

[node name="padlock" parent="padlocks" instance=ExtResource( "13_jp3mc" )]
transform = Transform3D(0.0214808, -0.0751899, 0.996938, 0.999574, -0.0180734, -0.0229008, 0.01974, 0.997005, 0.0747696, -5.38812, -2.8242, -5.44411)
colour = 1

[node name="padlock2" parent="padlocks" instance=ExtResource( "13_jp3mc" )]
transform = Transform3D(0.0214808, -0.0751899, 0.996938, 0.999574, -0.0180734, -0.0229008, 0.01974, 0.997005, 0.0747696, -5.38812, -1.39626, -5.44411)
colour = 2

[node name="padlock3" parent="padlocks" instance=ExtResource( "13_jp3mc" )]
transform = Transform3D(0.0214808, -0.0751899, 0.996938, 0.999574, -0.0180734, -0.0229008, 0.01974, 0.997005, 0.0747696, 5.7509, -1.39626, -5.44411)
colour = 3

[node name="padlock4" parent="padlocks" instance=ExtResource( "13_jp3mc" )]
transform = Transform3D(0.0214808, -0.0751899, 0.996938, 0.999574, -0.0180734, -0.0229008, 0.01974, 0.997005, 0.0747696, 5.7509, -2.59132, -5.44411)
colour = 4

[node name="endof_level" type="Node3D" parent="."]
script = null

[node name="MeshInstance3D" type="MeshInstance3D" parent="endof_level"]
transform = Transform3D(1, 0, 0, 0, 1, 0, 0, 0, 1, 25.9634, -0.557759, -25.863)
mesh = SubResource( "BoxMesh_bmriv" )
surface_material_override/0 = SubResource( "StandardMaterial3D_nin6e" )
script = null

[node name="StaticBody3D" type="StaticBody3D" parent="endof_level/MeshInstance3D"]
script = null

[node name="CollisionShape3D" type="CollisionShape3D" parent="endof_level/MeshInstance3D/StaticBody3D"]
shape = SubResource( "ConcavePolygonShape3D_0k4vj" )
script = null

[node name="MeshInstance3D2" type="MeshInstance3D" parent="endof_level"]
transform = Transform3D(1, 0, 0, 0, 1, 0, 0, 0, 1, 25.9634, 7.30186, -29.3588)
material_override = SubResource( "StandardMaterial3D_fd2l5" )
mesh = SubResource( "BoxMesh_bmriv" )
surface_material_override/0 = null
script = null

[node name="StaticBody3D" type="StaticBody3D" parent="endof_level/MeshInstance3D2"]
script = null

[node name="CollisionShape3D" type="CollisionShape3D" parent="endof_level/MeshInstance3D2/StaticBody3D"]
shape = SubResource( "ConcavePolygonShape3D_0k4vj" )
script = null

[node name="MeshInstance3D3" type="MeshInstance3D" parent="endof_level"]
transform = Transform3D(0.0926138, -0.995702, 0, 0.995702, 0.0926138, 0, 0, 0, 1, 18.6358, -0.624954, -28.54)
mesh = SubResource( "BoxMesh_bmriv" )
surface_material_override/0 = SubResource( "StandardMaterial3D_btiae" )
script = null

[node name="StaticBody3D" type="StaticBody3D" parent="endof_level/MeshInstance3D3"]
script = null

[node name="CollisionShape3D" type="CollisionShape3D" parent="endof_level/MeshInstance3D3/StaticBody3D"]
shape = SubResource( "ConcavePolygonShape3D_0k4vj" )
script = null

[node name="MeshInstance3D4" type="MeshInstance3D" parent="endof_level"]
transform = Transform3D(0.0926138, -0.995702, 0, 0.995702, 0.0926138, 0, 0, 0, 1, 32.7727, -0.624954, -28.54)
mesh = SubResource( "BoxMesh_bmriv" )
surface_material_override/0 = SubResource( "StandardMaterial3D_qrlfc" )
script = null

[node name="StaticBody3D" type="StaticBody3D" parent="endof_level/MeshInstance3D4"]
script = null

[node name="CollisionShape3D" type="CollisionShape3D" parent="endof_level/MeshInstance3D4/StaticBody3D"]
shape = SubResource( "ConcavePolygonShape3D_0k4vj" )
script = null

[node name="MeshInstance3D5" type="MeshInstance3D" parent="endof_level"]
transform = Transform3D(0.00194764, -0.0209393, 0.999779, 0.995702, 0.0926138, 0, -0.0925933, 0.995482, 0.0210297, 25.2802, -0.535889, -42.4018)
mesh = SubResource( "BoxMesh_bmriv" )
surface_material_override/0 = SubResource( "StandardMaterial3D_dl4pa" )
script = null

[node name="StaticBody3D" type="StaticBody3D" parent="endof_level/MeshInstance3D5"]
script = null

[node name="CollisionShape3D" type="CollisionShape3D" parent="endof_level/MeshInstance3D5/StaticBody3D"]
shape = SubResource( "ConcavePolygonShape3D_0k4vj" )
script = null

[node name="Area3D" type="Area3D" parent="endof_level"]
script = null

[node name="CollisionShape3D" type="CollisionShape3D" parent="endof_level/Area3D"]
transform = Transform3D(1, 0, 0, 0, 1, 0, 0, 0, 1, 26.1107, 2.54346, -17.789)
shape = SubResource( "BoxShape3D_okdxs" )
script = null

[connection signal="beakers_passed" from="player" to="." method="_on_player_beakers_passed"]
[connection signal="key_collected" from="player" to="." method="_on_player_key_collected"]
[connection signal="locks_open" from="player" to="." method="_on_player_locks_open"]
[connection signal="body_entered" from="player_death_boxes/Area3D" to="." method="_on_Area3D_body_entered"]
[connection signal="all_placed" from="level_3/pressure_plate" to="player" method="_on_pressure_plate_all_placed"]
[connection signal="body_entered" from="endof_level/Area3D" to="." method="_on_Area3D_final_body_entered"]
